0 100
1 99
2 98
3 97
4 96
5 95
6 94
7 93
8 92
9 91
10 90
11 89
12 88
13 87
14 86
15 85
16 84
17 83
18 82
19 81
20 80
21 79
22 78
23 77
24 76
25 75
26 74
27 73
28 72
29 71
30 70
31 69
32 68
33 67
34 66
35 65
36 64
37 63
38 62
39 61
40 60
41 59
42 58
43 57
44 56
45 55
46 54
47 53
48 52
49 51
50 50
51 49
52 48
53 47
54 46
55 45
56 44
57 43
58 42
59 41
60 40
61 39
62 38
63 37
64 36
65 35
66 34
67 33
68 32
69 31
70 30
71 29
72 28
73 27
74 26
75 25
76 24
77 23
78 22
79 21
80 20
81 19
82 18
83 17
84 16
85 15
86 14
87 13
88 12
89 11
90 10
91 9
92 8
93 7
94 6
95 5
96 4
97 3
98 2
99 1
100 0
101 99
102 98
103 97
104 96
105 95
106 94
107 93
108 92
109 91
110 90
111 89
112 88
113 87
114 86
115 85
116 84
117 83
118 82
119 81
120 80
121 79
122 78
123 77
124 76
125 75
126 74
127 73
128 72
129 71
130 70
131 69
132 68
133 67
134 66
135 65
136 64
137 63
138 62
139 61
140 60
141 59
142 58
143 57
144 56
145 55
146 54
147 53
148 52
149 51
150 50
151 49
152 48
153 47
154 46
155 45
156 44
157 43
158 42
159 41
160 40
161 39
162 38
163 37
164 36
165 35
166 34
167 33
168 32
169 31
170 30
171 29
172 28
173 27
174 26
175 25
176 24
177 23
178 22
179 21
180 20
181 19
182 18
183 17
184 16
185 15
186 14
187 13
188 12
189 11
190 10
191 9
192 8
193 7
194 6
195 5
196 4
197 3
198 2
199 1
200 0
201 199
202 198
203 197
204 196
205 195
206 194
207 193
208 192
209 191
210 190
211 189
212 188
213 187
214 186
215 185
216 184
217 183
218 182
219 181
220 180
221 179
222 178
223 177
224 176
225 175
226 174
227 173
228 172
229 171
230 170
231 169
232 168
233 167
234 166
235 165
236 164
237 163
238 162
239 161
240 160
241 159
242 158
243 157
244 156
245 155
246 154
247 153
248 152
249 151
250 150
251 149
252 148
253 147
254 146
255 145
256 144
257 143
258 142
259 141
260 140
261 139
262 138
263 137
264 136
265 135
266 134
267 133
268 132
269 131
270 130
271 129
272 128
273 127
274 126
275 125
276 124
277 123
278 122
279 121
280 120
281 119
282 118
283 117
284 116
285 115
286 114
287 113
288 112
289 111
290 110
291 109
292 108
293 107
294 106
295 105
296 104
297 103
298 102
299 101
300 100
301 199
302 198
303 197
304 196
305 195
306 194
307 193
308 192
309 191
310 190
311 189
312 188
313 187
314 186
315 185
316 184
317 183
318 182
319 181
320 180
321 179
322 178
323 177
324 176
325 175
326 174
327 173
328 172
329 171
330 170
331 169
332 168
333 167
334 166
335 165
336 164
337 163
338 162
339 161
340 160
341 159
342 158
343 157
344 156
345 155
346 154
347 153
348 152
349 151
350 150
351 149
352 148
353 147
354 146
355 145
356 144
357 143
358 142
359 141
360 140
361 139
362 138
363 137
364 136
365 135
366 134
367 133
368 132
369 131
370 130
371 129
372 128
373 127
374 126
375 125
376 124
377 123
378 122
379 121
380 120
381 119
382 118
383 117
384 116
385 115
386 114
387 113
388 112
389 111
390 110
391 109
392 108
393 107
394 106
395 105
396 104
397 103
398 102
399 101
400 100
401 199
402 198
403 197
404 196
405 195
406 194
407 193
408 192
409 191
410 190
411 189
412 188
413 187
414 186
415 185
416 184
417 183
418 182
419 181
420 180
421 179
422 178
423 177
424 176
425 175
426 174
427 173
428 172
429 171
430 170
431 169
432 168
433 167
434 166
435 165
436 164
437 163
438 162
439 161
440 160
441 159
442 158
443 157
444 156
445 155
446 154
447 153
448 152
449 151
450 150
451 199
452 198
453 197
454 196
455 195
456 194
457 193
458 192
459 191
460 190
461 189
462 188
463 187
464 186
465 185
466 184
467 183
468 182
469 181
470 180
471 179
472 178
473 177
474 176
475 175
476 174
477 173
478 172
479 171
480 170
481 169
482 168
483 167
484 166
485 165
486 164
487 163
488 162
489 161
490 160
491 159
492 158
493 157
494 156
495 155
496 154
497 153
498 152
499 151
500 150
100
414900
